# Diboson
# https://twiki.cern.ch/twiki/bin/view/AtlasProtected/XsecSummaryDibosonSherpa
363355  1
363356  1
363357  1
363358  1
363359  1
363360  1
363489  1
364250  1
364253  1
364254  1
364255  1
364288  1
364289  1
364290  1

# Z -> e e
# https://twiki.cern.ch/twiki/bin/view/AtlasProtected/XsecSummaryZjetsSherpa221
364114  0.9751
364115  0.9751
364116  0.9751
364117  0.9751
364118  0.9751
364119  0.9751
364120  0.9751
364121  0.9751
364122  0.9751
364123  0.9751
364124  0.9751
364125  0.9751
364126  0.9751
364127  0.9751

# Z -> mu mu
# https://twiki.cern.ch/twiki/bin/view/AtlasProtected/XsecSummaryZjetsSherpa221
364100  0.9751
364101  0.9751
364102  0.9751
364103  0.9751
364104  0.9751
364105  0.9751
364106  0.9751
364107  0.9751
364108  0.9751
364109  0.9751
364110  0.9751
364111  0.9751
364112  0.9751
364113  0.9751

# Z -> tau tau
# https://twiki.cern.ch/twiki/bin/view/AtlasProtected/XsecSummaryZjetsSherpa221
364128  0.9751
364129  0.9751
364130  0.9751
364131  0.9751
364132  0.9751
364133  0.9751
364134  0.9751
364135  0.9751
364136  0.9751
364137  0.9751
364138  0.9751
364139  0.9751
364140  0.9751
364141  0.9751

# Z+jets lowmass
# https://twiki.cern.ch/twiki/bin/view/AtlasProtected/XsecSummaryZjetsOther
364198  0.9751
364199  0.9751
364200  0.9751
364201  0.9751
364202  0.9751
364203  0.9751
364204  0.9751
364205  0.9751
364206  0.9751
364207  0.9751
364208  0.9751
364209  0.9751
364210  0.9751
364211  0.9751
364212  0.9751
364213  0.9751
364214  0.9751
364215  0.9751

# W+jets
# https://twiki.cern.ch/twiki/bin/view/AtlasProtected/XsecSummaryWjetsSherpa221
364156 0.9702
364157 0.9702
364158 0.9702
364159 0.9702
364160 0.9702
364161 0.9702
364162 0.9702
364163 0.9702
364164 0.9702
364165 0.9702
364166 0.9702
364167 0.9702
364168 0.9702
364169 0.9702
364170 0.9702
364171 0.9702
364172 0.9702
364173 0.9702
364174 0.9702
364175 0.9702
364176 0.9702
364177 0.9702
364178 0.9702
364179 0.9702
364180 0.9702
364181 0.9702
364182 0.9702
364183 0.9702
364184 0.9702
364185 0.9702
364186 0.9702
364187 0.9702
364188 0.9702
364189 0.9702
364190 0.9702
364191 0.9702
364192 0.9702
364193 0.9702
364194 0.9702
364195 0.9702
364196 0.9702
364197 0.9702

# ttbar
# https://twiki.cern.ch/twiki/bin/viewauth/AtlasProtected/CentralMC16ProductionList
# -> Top -> TTbar samples
# or
# https://gitlab.cern.ch/atlasphys-top/reco/sample-xsections/blob/master/XSection-MC16-13TeV.data
410470 1.13975636159
410471 1.13974074379
410472 1.13975636159
410557 1.0
410558 1.0
410559 1.1392
410464 1.1691
410465 1.1681
410466 1.1692
410480 1.0
410481 1.0
410482 1.0

# ttbar + V
# https://twiki.cern.ch/twiki/bin/view/AtlasProtected/CentralMC16ProductionList
410155 1.096
410156 1.11
410157 1.11
410218 1.12
410219 1.12
410220 1.12

# single top
# https://twiki.cern.ch/twiki/bin/view/AtlasProtected/CentralMC16ProductionList
410644 1.0170
410645 1.0167
410658 1.1935
410659 1.1849
410646 0.9450
410646 0.9450
410647 0.9457
410647 0.9457
410648 0.9451
410648 0.9451
410649 0.9458
410649 0.9458
412002 1.0
412003 1.0
411036 0.9445
411037 0.9452
411038 0.9446
411039 0.9453
410656 0.9704
410657 0.9493

# H -> tau tau
# https://twiki.cern.ch/twiki/bin/view/AtlasProtected/CentralMC16ProductionList#Higgs
345120 1
345121 1
345122 1
345123 1
345073 1
345074 1
345075 1
345076 1
